camera_transform: 1.11915090529 0.185510639915 -0.0997526399298 -0.247285670328 0.126686476989
  0.860195729875 -0.427625580439 camera_base panda_link0
jungle_transform: 0.215859467953 -0.419221996315 0.00902831810809 -0.696987886066
  -0.717066346289 -0.0047528600116 -0.00107046884704 panda_link0 tag_2
relaxed_ik_transform: 0.306323448384 -0.00012161987809 0.487079171779 0 0 0 1 panda_link0 rel_ik_zero
sim_ee_transform: 0 0 0.1033995 1 0 0 0 panda_hand sim_end_effector
